# Frequncy nu in Hz, Model flux in nu F_nu in ergs / cm^2 / s
# nu                  sync                sync_radio          sync_wind           dust                ic_total            ic_sync             ic_dust             ic_cmb              
         1.00000e+07         4.27179e-13         4.27165e-13         1.44380e-17         1.43850e-25         1.00000e-33         1.00000e-33         1.00000e-33         1.00000e-33
         1.40492e+07         5.41791e-13         5.41769e-13         2.27179e-17         3.98900e-25         1.40492e-33         1.40492e-33         1.40492e-33         1.40492e-33
         1.97379e+07         6.88331e-13         6.88295e-13         3.57460e-17         1.10616e-24         1.97379e-33         1.97379e-33         1.97379e-33         1.97379e-33
         2.77302e+07         8.72771e-13         8.72715e-13         5.62453e-17         3.06738e-24         2.77302e-33         2.77302e-33         2.77302e-33         2.77302e-33
         3.89587e+07         1.10599e-12         1.10590e-12         8.85003e-17         8.50590e-24         3.89587e-33         3.89587e-33         3.89587e-33         3.89587e-33
         5.47337e+07         1.40405e-12         1.40391e-12         1.39252e-16         2.35869e-23         5.47337e-33         5.47337e-33         5.47337e-33         5.47337e-33
         7.68964e+07         1.78305e-12         1.78283e-12         2.19109e-16         6.54067e-23         7.68964e-33         7.68964e-33         7.68964e-33         7.68964e-33
         1.08033e+08         2.25842e-12         2.25808e-12         3.44758e-16         1.81373e-22         1.08033e-32         1.08033e-32         1.08033e-32         1.08033e-32
         1.51778e+08         2.86369e-12         2.86314e-12         5.42462e-16         5.02945e-22         1.51778e-32         1.51778e-32         1.51778e-32         1.51778e-32
         2.13235e+08         3.63751e-12         3.63666e-12         8.53535e-16         1.39465e-21         2.13235e-32         2.13235e-32         2.13235e-32         2.13235e-32
         2.99578e+08         4.61231e-12         4.61097e-12         1.34298e-15         3.86732e-21         2.99578e-32         2.99578e-32         2.99578e-32         2.99578e-32
         4.20883e+08         5.84288e-12         5.84076e-12         2.11309e-15         1.07239e-20         4.20883e-32         4.20883e-32         4.20883e-32         4.20883e-32
         5.91306e+08         7.41453e-12         7.41121e-12         3.32476e-15         2.97362e-20         5.91306e-32         5.91306e-32         5.91306e-32         5.91306e-32
         8.30736e+08         9.41360e-12         9.40837e-12         5.23115e-15         8.24543e-20         8.30736e-32         8.30736e-32         8.30736e-32         8.30736e-32
         1.16712e+09         1.19192e-11         1.19109e-11         8.23055e-15         2.28629e-19         1.16712e-31         1.16712e-31         1.16712e-31         1.16712e-31
         1.63970e+09         1.51037e-11         1.50907e-11         1.29495e-14         6.33919e-19         1.63970e-31         1.63970e-31         1.63970e-31         1.63970e-31
         2.30365e+09         1.91712e-11         1.91509e-11         2.03735e-14         1.75759e-18         2.30365e-31         2.30365e-31         2.30365e-31         2.30365e-31
         3.23644e+09         2.42938e-11         2.42618e-11         3.20529e-14         4.87271e-18         3.23644e-31         3.23644e-31         3.23644e-31         3.23644e-31
         4.54693e+09         3.07406e-11         3.06902e-11         5.04257e-14         1.35078e-17         4.54693e-31         4.54693e-31         4.54693e-31         4.54693e-31
         6.38806e+09         3.89548e-11         3.88755e-11         7.93263e-14         3.74406e-17         6.38806e-31         6.38806e-31         6.38806e-31         6.38806e-31
         8.97470e+09         4.93848e-11         4.92600e-11         1.24784e-13         1.03758e-16         8.97470e-31         8.97470e-31         8.97470e-31         8.97470e-31
         1.26087e+10         6.24114e-11         6.22152e-11         1.96277e-13         2.87469e-16         1.26087e-30         1.26087e-30         1.26087e-30         1.26087e-30
         1.77142e+10         7.88839e-11         7.85752e-11         3.08701e-13         7.96165e-16         1.77142e-30         1.77142e-30         1.77142e-30         1.77142e-30
         2.48870e+10         9.98218e-11         9.93364e-11         4.85466e-13         2.20392e-15         2.48870e-30         2.48870e-30         2.48870e-30         2.48870e-30
         3.49642e+10         1.26042e-10         1.25279e-10         7.63345e-13         6.09649e-15         3.49642e-30         3.49642e-30         3.49642e-30         3.49642e-30
         4.91219e+10         1.58733e-10         1.57533e-10         1.20005e-12         1.68473e-14         4.91219e-30         4.91219e-30         4.91219e-30         4.91219e-30
         6.90122e+10         1.99961e-10         1.98075e-10         1.88619e-12         4.64909e-14         6.90122e-30         6.90122e-30         6.90122e-30         6.90122e-30
         9.69566e+10         2.51718e-10         2.48754e-10         2.96380e-12         1.28040e-13         9.69566e-30         9.69566e-30         9.69566e-30         9.69566e-30
         1.36216e+11         3.15294e-10         3.10638e-10         4.65534e-12         3.51645e-13         1.36216e-29         1.36216e-29         1.36216e-29         1.36216e-29
         1.91372e+11         3.94042e-10         3.86733e-10         7.30910e-12         9.61930e-13         1.91372e-29         1.91372e-29         1.91372e-29         1.91372e-29
         2.68862e+11         4.91791e-10         4.80321e-10         1.14693e-11         2.61664e-12         2.68862e-29         2.68862e-29         2.68862e-29         2.68862e-29
         3.77730e+11         6.10499e-10         5.92515e-10         1.79842e-11         7.06115e-12         3.77730e-29         3.77730e-29         3.77730e-29         3.77730e-29
         5.30679e+11         7.52439e-10         7.24265e-10         2.81744e-11         1.88386e-11         5.30679e-29         5.30679e-29         5.30679e-29         5.30679e-29
         7.45561e+11         9.23013e-10         8.78922e-10         4.40915e-11         4.94412e-11         7.45561e-29         7.45561e-29         7.45561e-29         7.45561e-29
         1.04745e+12         1.12475e-09         1.05585e-09         6.88931e-11         1.26701e-10         1.04745e-28         1.04745e-28         1.04745e-28         1.04745e-28
         1.47158e+12         1.35254e-09         1.24508e-09         1.07458e-10         3.13542e-10         1.47158e-28         1.47158e-28         1.47158e-28         1.47158e-28
         2.06746e+12         1.60760e-09         1.44037e-09         1.67227e-10         7.36636e-10         2.06746e-28         2.06746e-28         2.06746e-28         2.06746e-28
         2.90461e+12         1.88838e-09         1.62895e-09         2.59429e-10         1.60021e-09         2.90461e-28         2.90461e-28         2.90461e-28         2.90461e-28
         4.08073e+12         2.18209e-09         1.78114e-09         4.00955e-10         3.08333e-09         4.08073e-28         4.08073e-28         4.08073e-28         4.08073e-28
         5.73310e+12         2.46706e-09         1.85032e-09         6.16738e-10         4.93671e-09         5.73310e-28         5.73310e-28         5.73310e-28         5.73310e-28
         8.05453e+12         2.76788e-09         1.82540e-09         9.42474e-10         5.94315e-09         8.05453e-28         8.05453e-28         8.05453e-28         8.05453e-28
         1.13160e+13         3.08225e-09         1.65401e-09         1.42824e-09         4.65087e-09         1.13160e-27         1.13160e-27         1.13160e-27         1.13160e-27
         1.58980e+13         3.48196e-09         1.33878e-09         2.14317e-09         1.93610e-09         1.58980e-27         1.58980e-27         1.58980e-27         1.58980e-27
         2.23354e+13         4.09269e-09         9.25638e-10         3.16705e-09         3.27404e-10         2.23354e-27         2.23354e-27         2.23354e-27         2.23354e-27
         3.13794e+13         5.11552e-09         5.16789e-10         4.59874e-09         1.55526e-11         3.13794e-27         3.13794e-27         3.13794e-27         3.13794e-27
         4.40855e+13         6.75234e-09         2.23911e-10         6.52842e-09         1.24041e-13         4.40855e-27         4.40855e-27         4.40855e-27         4.40855e-27
         6.19364e+13         9.03368e-09         5.17927e-11         8.98189e-09         8.06432e-17         6.19364e-27         6.19364e-27         6.19364e-27         6.19364e-27
         8.70156e+13         1.19282e-08         9.47282e-12         1.19187e-08         1.54864e-21         8.70156e-27         8.70156e-27         8.70156e-27         8.70156e-27
         1.22250e+14         1.51538e-08         3.86850e-13         1.51534e-08         2.11030e-28         1.22250e-26         1.22250e-26         1.22250e-26         1.22250e-26
         1.71751e+14         1.83275e-08         7.22031e-15         1.83275e-08         2.75159e-38         1.71751e-26         1.71751e-26         1.71751e-26         1.71751e-26
         2.41296e+14         2.10226e-08         1.41095e-17         2.10226e-08         2.05664e-52         2.41296e-26         2.41296e-26         2.41296e-26         2.41296e-26
         3.39001e+14         2.30295e-08         1.87299e-21         2.30295e-08         1.68866e-72         3.39001e-26         3.39001e-26         3.39001e-26         3.39001e-26
         4.76269e+14         2.42022e-08         1.12845e-26         2.42022e-08        5.88502e-101         4.76269e-26         4.76269e-26         4.76269e-26         4.76269e-26
         6.69119e+14         2.45314e-08         4.95703e-35         2.45314e-08        3.54595e-141         6.69119e-26         6.69119e-26         6.69119e-26         6.69119e-26
         9.40057e+14         2.44128e-08         2.04216e-44         2.44128e-08        6.37910e-198         9.40057e-26         9.40057e-26         9.40057e-26         9.40057e-26
         1.32070e+15         2.40584e-08         1.98713e-44         2.40584e-08        6.97546e-278         1.32070e-25         1.32070e-25         1.32070e-25         1.32070e-25
         1.85548e+15         2.33096e-08         2.78154e-44         2.33096e-08         0.00000e+00         1.85548e-25         1.85548e-25         1.85548e-25         1.85548e-25
         2.60680e+15         2.25326e-08         3.90783e-44         2.25326e-08         0.00000e+00         2.60680e-25         2.60680e-25         2.60680e-25         2.60680e-25
         3.66234e+15         2.18378e-08         5.49018e-44         2.18378e-08         0.00000e+00         3.66234e-25         3.66234e-25         3.66234e-25         3.66234e-25
         5.14528e+15         2.10792e-08         7.71325e-44         2.10792e-08         0.00000e+00         5.14528e-25         5.14528e-25         5.14528e-25         5.14528e-25
         7.22870e+15         2.02431e-08         1.08365e-43         2.02431e-08         0.00000e+00         7.22870e-25         7.22870e-25         7.22870e-25         7.22870e-25
         1.01557e+16         1.95118e-08         1.52244e-43         1.95118e-08         0.00000e+00         1.01557e-24         1.01557e-24         1.01557e-24         1.01557e-24
         1.42680e+16         1.88888e-08         2.13890e-43         1.88888e-08         0.00000e+00         1.42680e-24         1.42680e-24         1.42680e-24         1.42680e-24
         2.00453e+16         1.81175e-08         3.00498e-43         1.81175e-08         0.00000e+00         2.00453e-24         2.00453e-24         2.00453e-24         2.00453e-24
         2.81621e+16         1.74126e-08         4.22175e-43         1.74126e-08         0.00000e+00         2.81621e-24         2.81621e-24         2.81621e-24         2.81621e-24
         3.95654e+16         1.68197e-08         5.93122e-43         1.68197e-08         0.00000e+00         3.95654e-24         3.95654e-24         3.95654e-24         3.95654e-24
         5.55861e+16         1.62196e-08         8.33287e-43         1.62196e-08         0.00000e+00         5.55861e-24         5.55861e-24         5.55861e-24         5.55861e-24
         7.80940e+16         1.55596e-08         1.17070e-42         1.55596e-08         0.00000e+00         7.80940e-24         7.80940e-24         7.80940e-24         7.80940e-24
         1.09716e+17         1.49859e-08         1.64474e-42         1.49859e-08         0.00000e+00         1.09716e-23         1.09716e-23         1.09716e-23         1.09716e-23
         1.54141e+17         1.44998e-08         2.31072e-42         1.44998e-08         0.00000e+00         1.54141e-23         1.54141e-23         1.54141e-23         1.54141e-23
         2.16556e+17         1.39151e-08         3.24638e-42         1.39151e-08         0.00000e+00         2.16556e-23         2.16556e-23         2.16556e-23         2.16556e-23
         3.04244e+17         1.33686e-08         4.56089e-42         1.33686e-08         0.00000e+00         3.04244e-23         3.04244e-23         3.04244e-23         3.04244e-23
         4.27437e+17         1.29077e-08         6.40768e-42         1.29077e-08         0.00000e+00         4.27437e-23         4.27437e-23         4.27437e-23         4.27437e-23
         6.00514e+17         1.24542e-08         9.00226e-42         1.24542e-08         0.00000e+00         6.00514e-23         6.00514e-23         6.00514e-23         6.00514e-23
         8.43674e+17         1.19429e-08         1.26474e-41         1.19429e-08         0.00000e+00         8.43674e-23         8.43674e-23         8.43674e-23         8.43674e-23
         1.18529e+18         1.14961e-08         1.77686e-41         1.14961e-08         0.00000e+00         1.18529e-22         1.18529e-22         1.18529e-22         1.18529e-22
         1.66524e+18         1.11155e-08         2.49635e-41         1.11155e-08         0.00000e+00         1.66524e-22         1.66524e-22         1.66524e-22         1.66524e-22
         2.33952e+18         1.06671e-08         3.50716e-41         1.06671e-08         0.00000e+00         2.33952e-22         2.33952e-22         2.33952e-22         2.33952e-22
         3.28684e+18         1.02338e-08         4.92727e-41         1.02338e-08         0.00000e+00         3.28684e-22         3.28684e-22         3.28684e-22         3.28684e-22
         4.61774e+18         9.86012e-09         6.92242e-41         9.86012e-09         0.00000e+00         4.61774e-22         4.61774e-22         4.61774e-22         4.61774e-22
         6.48755e+18         9.49334e-09         9.72543e-41         9.49334e-09         0.00000e+00         6.48755e-22         6.48755e-22         6.48755e-22         6.48755e-22
         9.11447e+18         9.06101e-09         1.36634e-40         9.06101e-09         0.00000e+00         9.11447e-22         9.11447e-22         9.11447e-22         9.11447e-22
         1.28051e+19         8.65905e-09         1.91960e-40         8.65905e-09         0.00000e+00         1.28051e-21         1.28051e-21         1.28051e-21         1.28051e-21
         1.79901e+19         8.28223e-09         2.69688e-40         8.28223e-09         0.00000e+00         1.79901e-21         1.79901e-21         1.79901e-21         1.79901e-21
         2.52746e+19         7.82589e-09         3.78890e-40         7.82589e-09         0.00000e+00         2.52746e-21         2.52746e-21         2.52746e-21         2.52746e-21
         3.55088e+19         7.32802e-09         5.32309e-40         7.32802e-09         0.00000e+00         3.55088e-21         3.55088e-21         3.55088e-21         3.55088e-21
         4.98869e+19         6.82143e-09         7.47851e-40         6.82143e-09         0.00000e+00         4.98869e-21         4.98869e-21         4.98869e-21         4.98869e-21
         7.00870e+19         6.27179e-09         1.05067e-39         6.27179e-09         0.00000e+00         7.00870e-21         7.00870e-21         7.00870e-21         7.00870e-21
         9.84665e+19         5.61862e-09         1.47610e-39         5.61862e-09         0.00000e+00         9.84665e-21         9.84665e-21         9.84665e-21         9.84665e-21
         1.38337e+20         4.97549e-09         2.07380e-39         4.97549e-09         0.00000e+00         3.64683e-13         1.76487e-13         2.81532e-14         1.60043e-13
         1.94353e+20         4.36541e-09         2.91353e-39         4.36541e-09         0.00000e+00         4.55121e-13         2.17584e-13         3.57109e-14         2.01826e-13
         2.73050e+20         3.76883e-09         4.09327e-39         3.76883e-09         0.00000e+00         5.67029e-13         2.67921e-13         4.52959e-14         2.53812e-13
         3.83612e+20         3.23871e-09         5.75070e-39         3.23871e-09         0.00000e+00         7.04769e-13         3.29390e-13         5.74500e-14         3.17929e-13
         5.38944e+20         2.79759e-09         8.07927e-39         2.79759e-09         0.00000e+00         8.73337e-13         4.04445e-13         7.28596e-14         3.96032e-13
         7.57172e+20         2.41823e-09         1.13507e-38         2.41823e-09         0.00000e+00         1.07781e-12         4.95896e-13         9.23931e-14         4.89518e-13
         1.06376e+21         2.07053e-09         1.59468e-38         2.07053e-09         0.00000e+00         1.32296e-12         6.07151e-13         1.17143e-13         5.98670e-13
         1.49450e+21         1.77883e-09         2.24040e-38         1.77883e-09         0.00000e+00         1.61250e-12         7.42350e-13         1.48488e-13         7.21664e-13
         2.09965e+21         1.53481e-09         3.14757e-38         1.53481e-09         0.00000e+00         1.94773e-12         9.06305e-13         1.88150e-13         8.53280e-13
         2.94984e+21         1.31254e-09         4.42208e-38         1.31254e-09         0.00000e+00         2.32680e-12         1.10480e-12         2.38281e-13         9.83718e-13
         4.14429e+21         1.11499e-09         6.21266e-38         1.11499e-09         0.00000e+00         2.74506e-12         1.34473e-12         3.01526e-13         1.09880e-12
         5.82238e+21         9.45910e-10         8.72829e-38         9.45910e-10         0.00000e+00         3.19977e-12         1.63410e-12         3.81111e-13         1.18456e-12
         8.17997e+21         7.94263e-10         1.22625e-37         7.94263e-10         0.00000e+00         3.70424e-12         1.98243e-12         4.80872e-13         1.24094e-12
         1.14922e+22         6.46130e-10         1.72278e-37         6.46130e-10         0.00000e+00         4.31356e-12         2.40092e-12         6.05219e-13         1.30741e-12
         1.61456e+22         5.10937e-10         2.42037e-37         5.10937e-10         0.00000e+00         5.15020e-12         2.90264e-12         7.58961e-13         1.48861e-12
         2.26832e+22         3.84807e-10         3.40042e-37         3.84807e-10         0.00000e+00         6.39150e-12         3.50284e-12         9.46869e-13         1.94179e-12
         3.18681e+22         2.65031e-10         4.77732e-37         2.65031e-10         0.00000e+00         8.18765e-12         4.21933e-12         1.17269e-12         2.79563e-12
         4.47720e+22         1.60216e-10         6.71174e-37         1.60216e-10         0.00000e+00         1.05694e-11         5.07271e-12         1.43757e-12         4.05917e-12
         6.29010e+22         7.92222e-11         9.42944e-37         7.92222e-11         0.00000e+00         1.34397e-11         6.08688e-12         1.73737e-12         5.61548e-12
         8.83708e+22         3.20718e-11         1.32476e-36         3.20718e-11         0.00000e+00         1.66064e-11         7.28894e-12         2.05932e-12         7.25812e-12
         1.24154e+23         6.65208e-12         1.86118e-36         6.65208e-12         0.00000e+00         1.98202e-11         8.70931e-12         2.37939e-12         8.73152e-12
         1.74426e+23         1.03345e-12         2.61480e-36         1.03345e-12         0.00000e+00         2.28726e-11         1.03815e-11         2.66468e-12         9.82645e-12
         2.45054e+23         4.18803e-14         3.67358e-36         4.18803e-14         0.00000e+00         2.57013e-11         1.23379e-11         2.89383e-12         1.04696e-11
         3.44281e+23         5.90843e-16         5.16108e-36         5.90843e-16         0.00000e+00         2.84335e-11         1.46094e-11         3.10562e-12         1.07185e-11
         4.83686e+23         1.15432e-18         7.25090e-36         1.15432e-18         0.00000e+00         3.13757e-11         1.72166e-11         3.47035e-12         1.06888e-11
         6.79540e+23         9.02189e-23         1.01869e-35         9.02189e-23         0.00000e+00         3.49835e-11         2.01610e-11         4.33333e-12         1.04891e-11
         9.54697e+23         5.43557e-28         1.43118e-35         5.43557e-28         0.00000e+00         3.97278e-11         2.34265e-11         6.10444e-12         1.01969e-11
         1.34127e+24         2.10214e-35         2.01069e-35         9.14504e-37         0.00000e+00         4.57865e-11         2.69430e-11         8.98406e-12         9.85947e-12
         1.88438e+24         2.82823e-35         2.82485e-35         3.37089e-38         0.00000e+00         5.29296e-11         3.06216e-11         1.28046e-11         9.50341e-12
         2.64740e+24         3.97342e-35         3.96869e-35         4.73582e-38         0.00000e+00         6.05586e-11         3.43286e-11         1.70873e-11         9.14268e-12
         3.71937e+24         5.58234e-35         5.57568e-35         6.65344e-38         0.00000e+00         6.77723e-11         3.78876e-11         2.11004e-11         8.78428e-12
         5.22542e+24         7.84273e-35         7.83338e-35         9.34753e-38         0.00000e+00         7.37830e-11         4.12841e-11         2.40674e-11         8.43142e-12
         7.34128e+24         1.10184e-34         1.10053e-34         1.31325e-37         0.00000e+00         7.82419e-11         4.45880e-11         2.55687e-11         8.08527e-12
         1.03139e+25         1.54799e-34         1.54615e-34         1.84501e-37         0.00000e+00         8.18678e-11         4.83433e-11         2.57786e-11         7.74590e-12
         1.44902e+25         2.17480e-34         2.17221e-34         2.59209e-37         0.00000e+00         8.55802e-11         5.30768e-11         2.50906e-11         7.41277e-12
         2.03575e+25         3.05542e-34         3.05178e-34         3.64167e-37         0.00000e+00         9.05636e-11         5.96775e-11         2.38012e-11         7.08489e-12
         2.86006e+25         4.29262e-34         4.28750e-34         5.11625e-37         0.00000e+00         9.48358e-11         6.59361e-11         2.21387e-11         6.76099e-12
         4.01816e+25         6.03077e-34         6.02359e-34         7.18792e-37         0.00000e+00         9.45125e-11         6.77825e-11         2.02905e-11         6.43948e-12
         5.64518e+25         8.47274e-34         8.46264e-34         1.00984e-36         0.00000e+00         8.63020e-11         6.18700e-11         1.83136e-11         6.11838e-12
         7.93102e+25         1.19035e-33         1.18893e-33         1.41875e-36         0.00000e+00         7.41465e-11         5.20305e-11         1.63208e-11         5.79523e-12
         1.11424e+26         1.67235e-33         1.67035e-33         1.99322e-36         0.00000e+00         6.11665e-11         4.13629e-11         1.43367e-11         5.46686e-12
         1.56542e+26         2.34951e-33         2.34671e-33         2.80032e-36         0.00000e+00         5.06234e-11         3.30860e-11         1.24082e-11         5.12918e-12
         2.19929e+26         3.30087e-33         3.29693e-33         3.93421e-36         0.00000e+00         4.08912e-11         2.55649e-11         1.05474e-11         4.77897e-12
         3.08982e+26         4.63745e-33         4.63192e-33         5.52725e-36         0.00000e+00         3.33143e-11         2.00468e-11         8.85041e-12         4.41701e-12
         4.34094e+26         6.51523e-33         6.50747e-33         7.76533e-36         0.00000e+00         2.68368e-11         1.55428e-11         7.23635e-12         4.05772e-12
         6.09867e+26         9.15337e-33         9.14246e-33         1.09097e-35         0.00000e+00         2.13082e-11         1.17474e-11         5.84924e-12         3.71152e-12
         8.56813e+26         1.28597e-32         1.28444e-32         1.53272e-35         0.00000e+00         1.73205e-11         9.35292e-12         4.58880e-12         3.37882e-12
         1.20375e+27         1.80669e-32         1.80453e-32         2.15334e-35         0.00000e+00         1.35496e-11         6.96365e-12         3.53303e-12         3.05288e-12
         1.69117e+27         2.53825e-32         2.53522e-32         3.02527e-35         0.00000e+00         1.09292e-11         5.55661e-12         2.64725e-12         2.72534e-12
         2.37596e+27         3.56603e-32         3.56178e-32         4.25026e-35         0.00000e+00         8.51242e-12         4.16432e-12         1.94390e-12         2.40420e-12
         3.33803e+27         5.00998e-32         5.00401e-32         5.97126e-35         0.00000e+00         6.67738e-12         3.18280e-12         1.39975e-12         2.09483e-12
         4.68966e+27         7.03861e-32         7.03022e-32         8.38913e-35         0.00000e+00         5.17755e-12         2.44310e-12         9.42868e-13         1.79158e-12
         6.58858e+27         9.88868e-32         9.87689e-32         1.17860e-34         0.00000e+00         3.96136e-12         1.78320e-12         6.71786e-13         1.50637e-12
         9.25642e+27         1.38928e-31         1.38762e-31         1.65584e-34         0.00000e+00         3.00534e-12         1.37470e-12         3.95801e-13         1.23483e-12
         1.30045e+28         1.95182e-31         1.94950e-31         2.32632e-34         0.00000e+00         2.24211e-12         9.79323e-13         2.94136e-13         9.68649e-13
         1.82703e+28         2.74215e-31         2.73888e-31         3.26829e-34         0.00000e+00         1.58346e-12         7.08039e-13         1.45317e-13         7.30103e-13
         2.56682e+28         3.85250e-31         3.84790e-31         4.59169e-34         0.00000e+00         1.09238e-12         4.74164e-13         1.19310e-13         4.98902e-13
         3.60618e+28         5.41244e-31         5.40599e-31         6.45094e-34         0.00000e+00         6.65502e-13         2.88834e-13         4.53417e-14         3.31326e-13
         5.06638e+28         7.60404e-31         7.59497e-31         9.06305e-34         0.00000e+00         4.26485e-13         1.81615e-13         3.62874e-14         2.08582e-13
         7.11785e+28         1.06830e-30         1.06703e-30         1.27328e-33         0.00000e+00         2.47433e-13         1.07030e-13         1.04318e-14         1.29971e-13
         1.00000e+29         1.50088e-30         1.49909e-30         1.78886e-33         0.00000e+00         1.46999e-13         6.36592e-14         5.42021e-15         7.79192e-14
